MP-LANGUAGE-T-1.0
spanish
554

u 9461605
 8718949
 8621678
 8356467
 8315765
 6958450
 6537331
 5911393
 5531503
 5470574
 5387105
 5274739
 4593262
 4507762
 4430956
 4283237
 3965298
 3957871
 3948645
 3915365
 3902580
 3776364
 3625569
 3580788
 3464303
 3458415
 3372143
 3332207
 3289445
 3215973
 3186532
 2977124
 2893921
 2768481
 2758241
 2747241
 2711407
 2583397
 2579042
 2366572
 2363753
 2336353
 2202482
 2162031
 2094689
 2086497
 2071918
 2039662
 2023529
 1965665
 1843809
 1780837
 1758825
 1753717
 1735779
 1665121
 1646447
 1634665
 1630312
 1621621
 1541477
 1533289
 1501539
 1470829
 1457519
 1449061
 1444973
 1442415
 1329257
 1299299
 1292132
 1261683
 1258601
 1252212
 1246565
 1201258
 1143908
 1096050
 1093731
 1093231
 1089394
 1068385
 1042020
 1028961
 996975
 991731
 989813
 978805
 968304
 943218
 939625
 936308
 923497
 884332
 874849
 842611
 832615
 808306
 807285
 803437
 779367
 776803
 767853
 762721
 758377
 742501
 740981
 698467
 696435
 683887
 660588
 646641
 643951
 640993
 632180
 624228
 618337
 612974
 608115
 604786
 601455
 595824
 582258
 567149
 560229
 554613
 535668
 530020
 526945
 525410
 523626
 500067
 496756
 493159
 485489
 473449
 465269
 463971
 456309
 456033
 436839
 436322
 427890
 423017
 421228
 419309
 418170
 416373
 415725
 412534
 412141
 409461
 396652
 393586
 392307
 384354
 383354
 383093
 380777
 377191
 369772
 368497
 364641
 363365
 359649
 358265
 357217
 356841
 355948
 355313
 352623
 350830
 346736
 342253
 338799
 327777
 323694
 318818
 317818
 311273
 304750
 302453
 299621
 295798
 290420
 277612
 271210
 268665
 261869
 244597
 242921
 242797
 239993
 234977
 230381
 226422
 226146
 219509
 215533
 207987
 205157
 203373
 202352
 200309
 197737
 190195
 188790
 188525
 187503
 182259
 175341
 169203
 166766
 166514
 164970
 164708
 163309
 162149
 161379
 161378
 152689
 150906
 150134
 149864
 146278
 133498
 132972
 132346
 130419
 130035
 129648
 125039
 124519
 124519
 124022
 122732
 122867
 122734
 122355
 121447
 120422
 119158
 118649
 116705
 114550
 112489
 111988
 111217
 111081
 110698
 109156
 107881
 107378
 107375
 104805
 104297
 97257
 96883
 93810
 92006
 90867
 90733
 90470
 88813
 84336
 84080
 82554
 82276
 76909
 76645
 76781
 75757
 75514
 72681
 70502
 68722
 66416
 64634
 64493
 64225
 63342
 62056
 60788
 59747
 59629
 56033
 53865
 53357
 53346
 52979
 52838
 51949
 50796
 50675
 48500
 46704
 46444
 45922
 44787
 44521
 44257
 43886
 43634
 43377
 43128
 42865
 42343
 42101
 41203
 39276
 38005
 37242
 37226
 37221
 36845
 35953
 35943
 35697
 35188
 35175
 34547
 33644
 33129
 33011
 32869
 32886
 31852
 31350
 31457
 30177
 30193
 30177
 28531
 28516
 28264
 26609
 25715
 25569
 25577
 25329
 25075
 24553
 24058
 24033
 23399
 22630
 22630
 22505
 22374
 21498
 21359
 21244
 21091
 21101
 20849
 20325
 20201
 19817
 19561
 19433
 19437
 19194
 19169
 18794
 18287
 18409
 17901
 17641
 17139
 16760
 16749
 16371
 16115
 15971
 15722
 15329
 15213
 15073
 14954
 14947
 14956
 14452
 14434
 14049
 13936
 13667
 13422
 13037
 13025
 12649
 12282
 12141
 12009
 11875
 11624
 11770
 11489
 11110
 10616
 10613
 10596
 10085
 10089
 9594
 9441
 9330
 7913
 7923
 7528
 7537
 7286
 7025
 7020
 6889
 6759
 6377
 6241
 6260
 5869
 5729
 5744
 5484
 5493
 5487
 5492
 5485
 5228
 5232
 5238
 5218
 5237
 5236
 4962
 4961
 4963
 4723
 4709
 4720
 4474
 3960
 3944
 4065
 3446
 3186
 2926
 2937
 2916
 2657
 2810
 2666
 2659
 2666
 2676
 2410
 2554
 2406
 2418
 2281
 2281
 2035
 2042
 2035
 1901
 1890
 1905
 1890
 1892
 1891
 1649
 1637
 1637
 1769
 1639
 1384
 1389
 1530
 1384
 1505
 1274
 1134
 1134
 1139
 1139
 1122
 1141
 1265
 1136
 1136
 1142
 1129
 867
 1018
 867
 888
 1018
 880
 886
 879
 890
 874
 874
 1001
 762
 626
 616
 633
 761
 764
 632
 745
 764
 609
 623
 621
 613
 614
 753
 617
 613
 753
 633
 634
 376
 356
 372
 365
 362
 371
 495
 495
 506
 495
 366
 365
 369
 481
 377
 480
 362
 370
 495
 360
 364
 372
 364
 358
 367
 374
 353
 499
 361
 353
 358
 360
